511
0 3 -15 -1 -1 11010111111101110
1 3 24 -1 -1 11010111111101111
2 3 15 -1 -1 11010111111111000
3 3 -1 -1 -1 11010111111111001
4 3 -2 -1 -1 11010111111111010
5 3 -19 -1 -1 11010111111111011
6 3 -3 -1 -1 11010111111111100
7 3 -17 -1 -1 11010111111111101
8 3 -4 -1 -1 11010111111111110
9 3 -16 -1 -1 11010111111111111
10 3 5 -1 -1 0010100100100000
11 3 -5 -1 -1 0010100100100001
12 3 -13 -1 -1 0010100100100010
13 3 -6 -1 -1 0010100100100011
14 3 3 -1 -1 0010100100100100
15 3 -10 -1 -1 0010100100100101
16 3 -9 -1 -1 0010100100100110
17 3 -8 -1 -1 0010100100100111
18 3 -7 -1 -1 0010100100101000
19 3 22 -1 -1 0010100100101001
20 3 23 -1 -1 0010100100101010
21 3 6 -1 -1 0010100100101011
22 3 7 -1 -1 0010100100101100
23 3 9 -1 -1 0010100100101101
24 3 10 -1 -1 0010100100101110
25 3 11 -1 -1 0010100100101111
26 3 12 -1 -1 0010100100110000
27 3 13 -1 -1 0010100100110001
28 3 14 -1 -1 0010100100110010
29 3 -20 -1 -1 0010100100110011
30 3 16 -1 -1 0010100100110100
31 3 17 -1 -1 0010100100110101
32 3 18 -1 -1 0010100100110110
33 3 19 -1 -1 0010100100110111
34 3 20 -1 -1 0101001110001000
35 3 21 -1 -1 0101001110001001
36 4 -11 -1 -1 0101001110001100
37 4 -21 -1 -1 0101001110001101
38 4 25 -1 -1 0101001110001110
39 4 8 -1 -1 0101001110001111
40 4 -12 -1 -1 1101011111001000
41 4 -18 -1 -1 1101011111001001
42 5 2 -1 -1 1101011111110000
43 5 1 -1 -1 1101011111110001
44 5 -14 -1 -1 1101011111110110
45 7 4 -1 -1 010100111000101
46 9 -23 -1 -1 110101111100101
47 10 -24 -1 -1 110101111100110
48 10 26 -1 -1 110101111100111
49 11 -22 -1 -1 110101111111001
50 11 -25 -1 -1 110101111111010
51 23 -26 -1 -1 11010111111110
52 25 27 -1 -1 0010100100111
53 25 -27 -1 -1 0101001110000
54 31 28 -1 -1 1101011111000
55 58 -29 -1 -1 010100111001
56 58 -28 -1 -1 101010100000
57 66 29 -1 -1 101010100001
58 72 -30 -1 -1 110101111101
59 81 -31 -1 -1 110101111110
60 96 30 -1 -1 00101001000
61 122 -32 -1 -1 01010011101
62 138 31 -1 -1 10101010001
63 178 -33 -1 -1 11101001110
64 180 32 -1 -1 11101001111
65 209 -34 -1 -1 0010100101
66 221 -36 -1 -1 0101001100
67 227 33 -1 -1 0101001101
68 241 -35 -1 -1 0101001111
69 299 0 -1 -1 1010101001
70 309 34 -1 -1 1101011110
71 312 -37 -1 -1 1110100110
72 382 -39 -1 -1 000011000
73 382 -38 -1 -1 000011001
74 423 35 -1 -1 001010011
75 505 -40 -1 -1 100000000
76 511 36 -1 -1 100000001
77 565 -41 -1 -1 101010101
78 610 37 -1 -1 110101110
79 622 -71 -1 -1 111000100
80 629 -72 -1 -1 111000101
81 644 -70 -1 -1 111010000
82 650 -68 -1 -1 111010001
83 667 -67 -1 -1 111010010
84 684 -73 -1 -1 111101110
85 692 -42 -1 -1 111101111
86 694 -69 -1 -1 111111010
87 729 -66 -1 -1 111111011
88 774 68 -1 -1 00001101
89 779 69 -1 -1 00010100
90 781 38 -1 -1 00010101
91 790 66 -1 -1 00010110
92 793 -74 -1 -1 00010111
93 804 73 -1 -1 00011010
94 804 67 -1 -1 00011011
95 815 71 -1 -1 00100010
96 817 -43 -1 -1 00100011
97 818 -65 -1 -1 00100100
98 823 72 -1 -1 00100101
99 823 -75 -1 -1 00101000
100 827 -57 -1 -1 00101010
101 828 -64 -1 -1 00101011
102 846 -56 -1 -1 00101110
103 850 82 -1 -1 00101111
104 851 -54 -1 -1 00110000
105 851 70 -1 -1 00110001
106 853 76 -1 -1 00110010
107 871 -53 -1 -1 00110011
108 871 65 -1 -1 00111000
109 879 -60 -1 -1 00111001
110 883 74 -1 -1 00111110
111 883 -59 -1 -1 00111111
112 894 77 -1 -1 01000010
113 895 -58 -1 -1 01000011
114 906 75 -1 -1 01001010
115 908 -52 -1 -1 01001011
116 913 -55 -1 -1 01001100
117 913 64 -1 -1 01001101
118 915 -63 -1 -1 01001110
119 919 80 -1 -1 01001111
120 922 -76 -1 -1 01010010
121 925 39 -1 -1 01011010
122 927 81 -1 -1 01011011
123 929 -62 -1 -1 01100000
124 938 84 -1 -1 01100001
125 938 79 -1 -1 01100010
126 939 -46 -1 -1 01100011
127 941 78 -1 -1 01100110
128 942 -44 -1 -1 01100111
129 950 -50 -1 -1 01101010
130 951 63 -1 -1 01101011
131 953 -77 -1 -1 01101110
132 954 83 -1 -1 01101111
133 962 62 -1 -1 01110000
134 968 85 -1 -1 01110001
135 990 -51 -1 -1 01111010
136 997 86 -1 -1 01111011
137 1018 87 -1 -1 10000001
138 1019 -61 -1 -1 10001000
139 1029 61 -1 -1 10001001
140 1035 -47 -1 -1 10010100
141 1051 -45 -1 -1 10010101
142 1070 -49 -1 -1 10011110
143 1075 88 -1 -1 10011111
144 1086 40 -1 -1 10100000
145 1107 -48 -1 -1 10100001
146 1111 89 -1 -1 10100110
147 1111 -78 -1 -1 10100111
148 1127 90 -1 -1 10101011
149 1142 -86 -1 -1 10111100
150 1187 -81 -1 -1 10111101
151 1190 -85 -1 -1 11000110
152 1193 -80 -1 -1 11000111
153 1196 60 -1 -1 11001100
154 1197 92 -1 -1 11001101
155 1204 -88 -1 -1 11010010
156 1227 91 -1 -1 11010011
157 1228 -82 -1 -1 11010110
158 1239 -79 -1 -1 11011010
159 1244 -87 -1 -1 11011011
160 1245 -83 -1 -1 11011110
161 1250 -89 -1 -1 11011111
162 1252 59 -1 -1 11100011
163 1282 41 -1 -1 11100100
164 1292 58 -1 -1 11100101
165 1339 115 -1 -1 11101100
166 1339 109 -1 -1 11101101
167 1349 93 -1 -1 11110000
168 1353 -84 -1 -1 11110001
169 1366 112 -1 -1 11110100
170 1372 110 -1 -1 11110101
171 1373 -90 -1 -1 11110110
172 1384 114 -1 -1 11111000
173 1392 111 -1 -1 11111001
174 1406 -91 -1 -1 11111010
175 1412 116 -1 -1 11111011
176 1416 94 -1 -1 11111100
177 1432 42 -1 -1 11111110
178 1445 113 -1 -1 11111111
179 1457 -92 -1 -1 0000000
180 1467 117 -1 -1 0000001
181 1469 108 -1 -1 0000010
182 1481 57 -1 -1 0000011
183 1501 107 -1 -1 0000100
184 1520 119 -1 -1 0000101
185 1547 118 -1 -1 0000111
186 1552 56 -1 -1 0001000
187 1560 95 -1 -1 0001001
188 1591 106 -1 -1 0001100
189 1629 120 -1 -1 0001110
190 1631 96 -1 -1 0001111
191 1631 -93 -1 -1 0010000
192 1645 43 -1 -1 0010011
193 1676 55 -1 -1 0010110
194 1740 105 -1 -1 0011010
195 1746 54 -1 -1 0011011
196 1759 44 -1 -1 0011101
197 1766 104 -1 -1 0011110
198 1772 -94 -1 -1 0100000
199 1792 121 -1 -1 0100010
200 1793 122 -1 -1 0100011
201 1794 97 -1 -1 0100100
202 1843 103 -1 -1 0101000
203 1849 45 -1 -1 0101010
204 1849 -95 -1 -1 0101011
205 1849 53 -1 -1 0101100
206 1856 98 -1 -1 0101110
207 1861 -121 -1 -1 0101111
208 1881 123 -1 -1 0110010
209 1892 -119 -1 -1 0110100
210 1902 101 -1 -1 0110110
211 1932 -120 -1 -1 0111001
212 1933 100 -1 -1 0111010
213 1944 102 -1 -1 0111011
214 1972 52 -1 -1 0111100
215 1996 -122 -1 -1 0111110
216 2010 48 -1 -1 0111111
217 2041 46 -1 -1 1000001
218 2042 51 -1 -1 1000010
219 2043 -118 -1 -1 1000011
220 2056 50 -1 -1 1000101
221 2064 124 -1 -1 1000110
222 2065 -96 -1 -1 1000111
223 2069 47 -1 -1 1001000
224 2084 49 -1 -1 1001001
225 2100 125 -1 -1 1001011
226 2108 99 -1 -1 1001100
227 2119 -123 -1 -1 1001101
228 2131 -117 -1 -1 1001110
229 2205 -107 -1 -1 1010001
230 2217 -110 -1 -1 1010010
231 2238 -124 -1 -1 1010100
232 2265 -125 -1 -1 1010110
233 2273 -115 -1 -1 1010111
234 2273 -116 -1 -1 1011000
235 2288 -108 -1 -1 1011001
236 2289 -97 -1 -1 1011010
237 2303 127 -1 -1 1011011
238 2314 126 -1 -1 1011100
239 2317 -106 -1 -1 1011101
240 2330 -105 -1 -1 1011111
241 2343 -109 -1 -1 1100000
242 2344 -114 -1 -1 1100001
243 2377 -104 -1 -1 1100010
244 2388 -128 -1 -1 1100100
245 2393 -126 -1 -1 1100101
246 2394 -98 -1 -1 1100111
247 2412 -111 -1 -1 1101000
248 2436 -113 -1 -1 1101010
249 2469 -112 -1 -1 1101100
250 2486 -127 -1 -1 1101110
251 2496 -99 -1 -1 1110000
252 2614 -103 -1 -1 1110011
253 2676 -100 -1 -1 1110101
254 2693 -101 -1 -1 1110111
255 2726 -102 -1 -1 1111001
256 6 -1 0 1 ~
257 6 -1 2 3 ~
258 6 -1 4 5 ~
259 6 -1 6 7 ~
260 6 -1 8 9 ~
261 6 -1 10 11 ~
262 6 -1 12 13 ~
263 6 -1 14 15 ~
264 6 -1 16 17 ~
265 6 -1 18 19 ~
266 6 -1 20 21 ~
267 6 -1 22 23 ~
268 6 -1 24 25 ~
269 6 -1 26 27 ~
270 6 -1 28 29 ~
271 6 -1 30 31 ~
272 6 -1 32 33 ~
273 6 -1 34 35 ~
274 8 -1 36 37 ~
275 8 -1 38 39 ~
276 8 -1 40 41 ~
277 10 -1 42 43 ~
278 11 -1 44 256 ~
279 12 -1 257 258 ~
280 12 -1 259 260 ~
281 12 -1 261 262 ~
282 12 -1 263 264 ~
283 12 -1 265 266 ~
284 12 -1 267 268 ~
285 12 -1 269 270 ~
286 12 -1 271 272 ~
287 13 -1 273 45 ~
288 16 -1 274 275 ~
289 17 -1 276 46 ~
290 20 -1 47 48 ~
291 21 -1 277 49 ~
292 22 -1 50 278 ~
293 24 -1 279 280 ~
294 24 -1 281 282 ~
295 24 -1 283 284 ~
296 24 -1 285 286 ~
297 29 -1 287 288 ~
298 37 -1 289 290 ~
299 43 -1 291 292 ~
300 47 -1 51 293 ~
301 48 -1 294 295 ~
302 49 -1 296 52 ~
303 54 -1 53 297 ~
304 68 -1 54 298 ~
305 90 -1 299 300 ~
306 97 -1 301 302 ~
307 112 -1 303 55 ~
308 124 -1 56 57 ~
309 140 -1 304 58 ~
310 171 -1 59 305 ~
311 193 -1 60 306 ~
312 234 -1 307 61 ~
313 262 -1 308 62 ~
314 311 -1 309 310 ~
315 358 -1 63 64 ~
316 402 -1 311 65 ~
317 448 -1 66 67 ~
318 475 -1 312 68 ~
319 561 -1 313 69 ~
320 620 -1 70 314 ~
321 670 -1 71 315 ~
322 764 -1 72 73 ~
323 825 -1 316 74 ~
324 923 -1 317 318 ~
325 1016 -1 75 76 ~
326 1126 -1 319 77 ~
327 1230 -1 78 320 ~
328 1251 -1 79 80 ~
329 1294 -1 81 82 ~
330 1337 -1 83 321 ~
331 1376 -1 84 85 ~
332 1423 -1 86 87 ~
333 1538 -1 322 88 ~
334 1560 -1 89 90 ~
335 1583 -1 91 92 ~
336 1608 -1 93 94 ~
337 1632 -1 95 96 ~
338 1641 -1 97 98 ~
339 1648 -1 99 323 ~
340 1655 -1 100 101 ~
341 1696 -1 102 103 ~
342 1702 -1 104 105 ~
343 1724 -1 106 107 ~
344 1750 -1 108 109 ~
345 1766 -1 110 111 ~
346 1789 -1 112 113 ~
347 1814 -1 114 115 ~
348 1826 -1 116 117 ~
349 1834 -1 118 119 ~
350 1845 -1 120 324 ~
351 1852 -1 121 122 ~
352 1867 -1 123 124 ~
353 1877 -1 125 126 ~
354 1883 -1 127 128 ~
355 1901 -1 129 130 ~
356 1907 -1 131 132 ~
357 1930 -1 133 134 ~
358 1987 -1 135 136 ~
359 2034 -1 325 137 ~
360 2048 -1 138 139 ~
361 2086 -1 140 141 ~
362 2145 -1 142 143 ~
363 2193 -1 144 145 ~
364 2222 -1 146 147 ~
365 2253 -1 326 148 ~
366 2329 -1 149 150 ~
367 2383 -1 151 152 ~
368 2393 -1 153 154 ~
369 2431 -1 155 156 ~
370 2458 -1 157 327 ~
371 2483 -1 158 159 ~
372 2495 -1 160 161 ~
373 2503 -1 328 162 ~
374 2574 -1 163 164 ~
375 2631 -1 329 330 ~
376 2678 -1 165 166 ~
377 2702 -1 167 168 ~
378 2738 -1 169 170 ~
379 2749 -1 171 331 ~
380 2776 -1 172 173 ~
381 2818 -1 174 175 ~
382 2839 -1 176 332 ~
383 2877 -1 177 178 ~
384 2924 -1 179 180 ~
385 2950 -1 181 182 ~
386 3021 -1 183 184 ~
387 3085 -1 333 185 ~
388 3112 -1 186 187 ~
389 3143 -1 334 335 ~
390 3199 -1 188 336 ~
391 3260 -1 189 190 ~
392 3263 -1 191 337 ~
393 3286 -1 338 192 ~
394 3303 -1 339 340 ~
395 3372 -1 193 341 ~
396 3426 -1 342 343 ~
397 3486 -1 194 195 ~
398 3509 -1 344 196 ~
399 3532 -1 197 345 ~
400 3561 -1 198 346 ~
401 3585 -1 199 200 ~
402 3608 -1 201 347 ~
403 3660 -1 348 349 ~
404 3688 -1 202 350 ~
405 3698 -1 203 204 ~
406 3701 -1 205 351 ~
407 3717 -1 206 207 ~
408 3744 -1 352 353 ~
409 3764 -1 208 354 ~
410 3793 -1 209 355 ~
411 3809 -1 210 356 ~
412 3862 -1 357 211 ~
413 3877 -1 212 213 ~
414 3959 -1 214 358 ~
415 4006 -1 215 216 ~
416 4075 -1 359 217 ~
417 4085 -1 218 219 ~
418 4104 -1 360 220 ~
419 4129 -1 221 222 ~
420 4153 -1 223 224 ~
421 4186 -1 361 225 ~
422 4227 -1 226 227 ~
423 4276 -1 228 362 ~
424 4398 -1 363 229 ~
425 4439 -1 230 364 ~
426 4491 -1 231 365 ~
427 4538 -1 232 233 ~
428 4561 -1 234 235 ~
429 4592 -1 236 237 ~
430 4631 -1 238 239 ~
431 4659 -1 366 240 ~
432 4687 -1 241 242 ~
433 4760 -1 243 367 ~
434 4781 -1 244 245 ~
435 4787 -1 368 246 ~
436 4843 -1 247 369 ~
437 4894 -1 248 370 ~
438 4952 -1 249 371 ~
439 4981 -1 250 372 ~
440 4999 -1 251 373 ~
441 5188 -1 374 252 ~
442 5307 -1 375 253 ~
443 5371 -1 376 254 ~
444 5428 -1 377 255 ~
445 5487 -1 378 379 ~
446 5594 -1 380 381 ~
447 5716 -1 382 383 ~
448 5874 -1 384 385 ~
449 6106 -1 386 387 ~
450 6255 -1 388 389 ~
451 6459 -1 390 391 ~
452 6549 -1 392 393 ~
453 6675 -1 394 395 ~
454 6912 -1 396 397 ~
455 7041 -1 398 399 ~
456 7146 -1 400 401 ~
457 7268 -1 402 403 ~
458 7386 -1 404 405 ~
459 7418 -1 406 407 ~
460 7508 -1 408 409 ~
461 7602 -1 410 411 ~
462 7739 -1 412 413 ~
463 7965 -1 414 415 ~
464 8160 -1 416 417 ~
465 8233 -1 418 419 ~
466 8339 -1 420 421 ~
467 8503 -1 422 423 ~
468 8837 -1 424 425 ~
469 9029 -1 426 427 ~
470 9153 -1 428 429 ~
471 9290 -1 430 431 ~
472 9447 -1 432 433 ~
473 9568 -1 434 435 ~
474 9737 -1 436 437 ~
475 9933 -1 438 439 ~
476 10187 -1 440 441 ~
477 10678 -1 442 443 ~
478 10915 -1 444 445 ~
479 11310 -1 446 447 ~
480 11980 -1 448 449 ~
481 12714 -1 450 451 ~
482 13224 -1 452 453 ~
483 13953 -1 454 455 ~
484 14414 -1 456 457 ~
485 14804 -1 458 459 ~
486 15110 -1 460 461 ~
487 15704 -1 462 463 ~
488 16393 -1 464 465 ~
489 16842 -1 466 467 ~
490 17866 -1 468 469 ~
491 18443 -1 470 471 ~
492 19015 -1 472 473 ~
493 19670 -1 474 475 ~
494 20865 -1 476 477 ~
495 22225 -1 478 479 ~
496 24694 -1 480 481 ~
497 27177 -1 482 483 ~
498 29218 -1 484 485 ~
499 30814 -1 486 487 ~
500 33235 -1 488 489 ~
501 36309 -1 490 491 ~
502 38685 -1 492 493 ~
503 43090 -1 494 495 ~
504 51871 -1 496 497 ~
505 60032 -1 498 499 ~
506 69544 -1 500 501 ~
507 81775 -1 502 503 ~
508 111903 -1 504 505 ~
509 151319 -1 506 507 ~
510 263222 -1 508 509 ~
