256
-102 2726
-101 2693
-100 2676
-103 2614
-99 2496
-127 2486
-112 2469
-113 2436
-111 2412
-98 2394
-126 2393
-128 2388
-104 2377
-114 2344
-109 2343
-105 2330
-106 2317
126 2314
127 2303
-97 2289
-108 2288
-116 2273
-115 2273
-125 2265
-124 2238
-110 2217
-107 2205
-117 2131
-123 2119
99 2108
125 2100
49 2084
47 2069
-96 2065
124 2064
50 2056
-118 2043
51 2042
46 2041
48 2010
-122 1996
52 1972
102 1944
100 1933
-120 1932
101 1902
-119 1892
123 1881
-121 1861
98 1856
53 1849
-95 1849
45 1849
103 1843
97 1794
122 1793
121 1792
-94 1772
104 1766
44 1759
54 1746
105 1740
55 1676
43 1645
96 1631
-93 1631
120 1629
106 1591
95 1560
56 1552
118 1547
119 1520
107 1501
57 1481
108 1469
117 1467
-92 1457
113 1445
42 1432
94 1416
116 1412
-91 1406
111 1392
114 1384
-90 1373
110 1372
112 1366
-84 1353
93 1349
109 1339
115 1339
58 1292
41 1282
59 1252
-89 1250
-83 1245
-87 1244
-79 1239
-82 1228
91 1227
-88 1204
92 1197
60 1196
-80 1193
-85 1190
-81 1187
-86 1142
90 1127
-78 1111
89 1111
-48 1107
40 1086
88 1075
-49 1070
-45 1051
-47 1035
61 1029
-61 1019
87 1018
86 997
-51 990
85 968
62 962
83 954
-77 953
63 951
-50 950
-44 942
78 941
-46 939
79 938
84 938
-62 929
81 927
39 925
-76 922
80 919
-63 915
64 913
-55 913
-52 908
75 906
-58 895
77 894
74 883
-59 883
-60 879
65 871
-53 871
76 853
70 851
-54 851
82 850
-56 846
-64 828
-57 827
-75 823
72 823
-65 818
-43 817
71 815
67 804
73 804
-74 793
66 790
38 781
69 779
68 774
-66 729
-69 694
-42 692
-73 684
-67 667
-68 650
-70 644
-72 629
-71 622
37 610
-41 565
36 511
-40 505
35 423
-38 382
-39 382
-37 312
34 309
0 299
-35 241
33 227
-36 221
-34 209
32 180
-33 178
31 138
-32 122
30 96
-31 81
-30 72
29 66
-28 58
-29 58
28 31
-27 25
27 25
-26 23
-22 11
-25 11
26 10
-24 10
-23 9
4 7
-14 5
1 5
2 5
-11 4
-21 4
25 4
-18 4
8 4
-12 4
-7 3
-8 3
-9 3
-10 3
3 3
-6 3
-13 3
-5 3
-15 3
-16 3
-4 3
-17 3
-3 3
-19 3
-2 3
-1 3
15 3
24 3
23 3
22 3
21 3
20 3
19 3
18 3
17 3
16 3
-20 3
14 3
13 3
12 3
11 3
10 3
9 3
7 3
6 3
5 3
